0 0 0
170195012817 48 5303
170195012749 324 9833
170195012995 336 4513
170195012928 18 6873
170195013121 4 2158
170195012974 323 3560
170195013044 46 3309
170195013377 237 9814
170195013039 58 1646
170195013132 355 9169
170195013122 3 7322
170195013447 355 2849
170195013395 4 3862
170195013317 4 3836
170195013520 29 7158
170195013476 15 2449
170195013217 76 6009
170195013645 4 3128
170195013758 309 9279
170195013388 3 7294
170195013405 3 9089
170195013460 3 2547
170195013604 3 3635
170195013810 3 7573
170195013787 3 5062
170195013883 34 8139
170195013778 3 5044
170195014076 3 1034
170195013766 3 6519
170195013822 349 3075
170195013949 75 4075
170195013782 9 9032
170195013796 338 1025
170195013847 279 7278
170195014093 4 1945
170195014015 323 9256
170195014259 4 1696
170195014030 357 7875
170195014403 355 2179
170195014404 324 5788
170195014186 9 8313
170195014372 157 4537
170195014682 214 1998
170195014425 408 7900
170195014391 183 2856
170195014418 4 7030
170195014676 3 9014
170195014671 15 5962
170195014789 4 2615
170195014986 29 2094
170195014799 46 2797
170195014955 11 5941
170195015085 349 9122
170195015173 75 8838
170195014743 4 3467
170195014726 4 4278
170195015150 4 6091
170195015243 4 6567
170195014970 4 7333
170195015000 4 9467
170195015374 38 4243
170195015216 4 3129
170195015344 337 9437
170195015500 328 1075
170195015636 3 3147
170195015662 9 3875
170195015586 107 6630
170195015606 34 1792
170195015859 141 6434
170195015833 39 2430
170195015607 4 2887
170195016000 4 8674
170195016093 270 2063
170195016000 9 1384
170195015962 4 4281
170195016297 347 8254
170195016055 4 4540
170195016006 4 9713
170195016360 4 8251
170195016294 4 2188
170195016264 4 6210
170195016451 157 2965
170195016197 57 1082
170195016473 4 2756
170195016244 15 2716
170195016451 34 9450
170195016247 226 3672
170195016175 4 1800
170195016296 4 1807
170195016393 355 7025
170195016422 369 8134
170195016497 282 6405
170195016677 365 1609
170195016897 214 5251
170195016836 237 2062
170195016611 17 5205
170195016619 76 6069
170195016680 77 5157
170195017035 4 3225
170195016646 58 3571
170195016932 349 1152
170195016959 38 8365
170195016865 38 3814
170195017044 4 9007
170195017105 4 2681
170195017289 237 4507
170195017277 4 9437
170195017115 355 2216
170195017213 4 3986
170195016999 349 5824
170195017429 15 3612
170195017305 323 3640
170195017223 18 1010
170195017127 355 3989
170195017592 9 8038
170195017295 360 1198
170195017304 4 5746
170195017572 4 9483
170195017393 49 4864
170195017419 237 6756
170195017571 38 6252
170195017705 4 7113
170195017449 34 6550
170195017649 214 5535
170195017566 29 2002
170195017401 4 1921
170195017663 355 1425
170195017873 17 7631
170195017727 4 2971
170195018000 294 3159
170195017534 355 8794
170195017694 307 4501
170195017638 3 1144
170195017814 347 8129
170195017662 289 7102
170195017838 214 7824
170195017768 214 9778
170195017985 21 2141
170195018008 38 2078
170195018083 4 3187
170195018144 4 7294
170195018204 332 2692
170195018081 352 1211
170195017976 29 1200
170195018163 4 6592
170195018147 38 2306
170195018079 9 2928
170195018080 351 5075
170195018204 4 4153
170195018316 289 3523
170195018358 4 2326
170195018253 57 9763
170195018013 39 1332
170195018525 34 5793
170195018228 4 8690
170195018400 139 4599
170195018405 4 4482
170195018323 357 7334
170195018754 351 1398
170195018432 136 3504
170195018439 246 1931
170195018516 264 8737
170195018501 3 4807
170195018759 3 2175
170195018771 4 9701
170195018706 3 2594
170195018748 4 9930
170195018809 4 9687
170195019099 4 6728
170195019002 3 8756
170195018842 57 1720
170195019111 4 2948
170195018930 3 8297
170195019579 4 1725
170195019268 4 8931
170195019233 4 1860
170195019459 49 7483
170195019440 3 5015
170195019438 4 8215
170195019587 4 4986
170195019467 3 1750
170195019821 4 2068
170195019621 357 9031
170195020061 355 5889
170195020062 4 6123
170195020091 4 6041
170195020120 4 6634
170195019805 237 1841
170195020129 4 6790
170195020017 3 5247
170195020468 3 7333
170195020392 4 3725
170195020118 4 1844
170195020597 4 1777
170195020469 4 7592
170195020374 4 7994
170195020362 4 6591
170195020666 4 7377
170195020380 4 2856
170195020568 4 3384
170195020736 38 4260
170195020689 9 3663
170195020513 4 4888
170195020798 4 9537
170195020993 38 1543
170195020808 4 8762
170195020832 316 7939
170195020870 237 9256
170195021019 15 3890
170195020904 9 5665
170195021354 361 3809
170195021029 4 1985
170195021121 352 5001
170195021119 15 4726
170195021489 294 5996
170195021332 48 8250
170195021578 355 2351
170195021818 287 8913
170195021789 337 5356
170195021722 355 2100
170195021918 167 3061
170195021765 13 7289
170195021962 4 6047
170195022054 76 6940
170195021627 28 7816
170195021918 323 2701
170195021762 305 7334
170195021774 4 2734
170195021988 4 7178
170195021770 4 2146
170195021949 264 6537
170195021853 107 8928
170195021936 4 7300
170195022201 34 8938
170195022148 94 5956
170195022171 323 3614
170195022179 324 8716
170195022035 323 9351
170195022382 39 8159
170195022506 3 6253
170195022452 3 4188
170195022653 3 2071
170195022582 3 1907
170195022732 3 2658
170195022541 3 4034
170195022706 3 9642
170195022740 3 4607
170195022601 57 5499
170195022846 355 6799
170195022605 157 2776
170195022712 324 6386
170195022957 357 5749
170195023199 4 5168
170195022836 4 7938
170195023248 336 4772
170195023209 3 3419
170195022999 357 6893
170195023272 3 6299
170195023063 4 5020
170195023374 4 8818
170195023359 59 1671
170195023520 323 4705
170195023521 39 4235
170195023255 355 1908
170195023691 4 1666
170195023453 59 8008
170195023656 314 4587
170195023875 4 1152
170195023632 4 2722
170195023912 4 7976
170195023890 4 3785
170195023666 4 5946
170195024054 349 8927
170195023876 4 2972
170195024115 4 7181
170195023816 4 2421
170195023829 349 4109
170195023956 4 4795
170195024108 4 2652
170195024067 4 3847
170195024043 351 8067
170195024001 4 1083
170195024359 4 7383
170195024282 4 6800
170195024164 4 2088
170195024258 4 3613
170195024266 4 6439
170195024484 4 3533
170195024494 4 7389
170195024582 4 1292
170195024619 4 3752
170195024587 4 6062
170195024572 4 4980
170195024667 4 9686
170195024716 4 8969
170195024342 4 4663
170195024710 4 6605
170195024483 4 4315
170195024489 4 5849
170195024604 4 1615
170195024732 4 3032
170195024578 4 5164
170195025095 4 7989
170195024691 4 5272
170195024830 4 7825
170195025078 28 3421
170195024934 329 5077
170195024788 9 3605
170195025250 160 1410
170195024913 4 8955
170195024927 4 8609
170195025001 4 5083
170195025045 355 5564
170195025397 17 9074
170195025204 4 2458
170195024958 4 2858
170195025129 34 4907
170195025176 4 1386
170195025421 4 7180
170195025196 4 2763
170195025350 38 2125
170195025143 349 6963
170195025466 52 5842
170195025424 39 7094
170195025346 57 7278
170195025420 57 8101
170195025321 38 5261
170195025553 4 1097
170195025634 270 6602
170195025428 349 4856
170195025577 4 7116
170195025542 4 5919
170195025639 9 1971
170195025853 15 2134
170195025973 99 9232
170195025712 15 3624
170195026063 76 7536
170195025872 38 7800
170195025733 357 1706
170195026150 329 6507
170195026091 357 9197
170195026225 4 7905
170195026262 38 2215
170195026149 4 3564
170195025987 237 6332
170195026160 38 5947
170195026335 4 2410
170195026427 15 8380
170195026203 4 1590
170195026214 4 4457
170195026184 4 8830
170195026268 38 4712
170195026383 4 1605
170195026591 94 4712
170195026482 38 4430
170195026399 4 3733
170195026529 3 2098
170195026813 4 6018
170195026752 38 2872
170195026915 4 3738
170195026978 4 9186
170195026789 4 7209
170195026864 322 5609
170195027172 57 6107
170195027028 270 7789
170195027339 357 7250
170195027219 39 3748
170195027427 4 3602
170195027292 237 3231
170195027325 4 9840
170195027621 4 4854
170195027242 4 9710
170195027359 264 5827
170195027795 38 9023
170195027306 4 8814
170195027717 4 8649
170195027502 226 6893
170195027828 355 2325
170195027942 59 8418
170195027775 309 6364
170195027607 4 8801
170195028015 4 9654
170195027745 38 7559
170195027721 185 4024
170195028114 4 7552
170195028150 3 4273
170195027989 342 8791
170195027934 4 1934
170195028375 4 2706
170195028360 39 7667
170195028314 4 5316
170195028558 307 7949
170195028452 4 5084
170195028594 39 9120
170195028564 38 1388
170195028668 381 7990
170195028428 372 6754
170195028707 4 4670
170195028491 49 4119
170195028780 4 8132
170195028565 48 9430
170195028727 4 3390
170195028546 4 1628
170195028964 4 8743
170195028860 4 8158
170195028904 4 8066
170195028856 4 2318
170195028998 136 8228
170195029238 4 3524
170195028961 4 6479
170195029389 4 9011
170195029256 4 6900
170195029222 270 2006
170195029199 4 4451
170195029374 4 6453
170195029328 4 6924
170195029444 4 6046
170195029518 4 6930
170195029547 4 4491
170195029521 4 6517
170195029557 4 5521
170195029812 28 7783
170195029836 4 8656
170195029604 4 9564
170195029791 350 4360
170195029971 4 5471
170195029810 57 6145
170195030042 4 4614
170195030055 4 8009
170195030227 4 8249
170195030022 4 5972
170195029932 4 6743
170195030072 4 2890
170195030124 4 5412
170195030075 4 4356
170195029953 4 4206
170195030378 4 9185
170195030063 4 7118
170195030107 351 7690
170195030581 289 2628
170195030400 4 2866
170195030517 351 9822
170195030640 289 1428
170195030700 4 3917
170195030806 4 1941
170195030701 4 3960
170195030650 4 9169
170195030557 349 9180
170195030884 4 2991
170195031036 76 3517
170195031185 38 9924
170195031197 355 9801
170195031188 4 3896
170195031261 4 2784
170195030938 57 5047
170195031267 46 5268
170195031087 4 5622
170195031184 4 5436
170195031439 4 3056
170195031285 355 6262
170195031469 38 8100
170195031266 4 6197
170195031208 28 4224
170195031574 38 8319
170195031552 4 4941
170195031430 34 2779
170195031402 4 3434
170195031747 338 2940
170195031705 4 4717
170195031878 264 2421
170195031591 328 7288
170195031472 4 1687
170195031942 29 8986
170195031960 38 4411
170195031859 4 8104
170195032160 4 2564
170195031822 351 4996
170195031842 4 2788
170195032124 4 2380
170195032020 38 4013
170195031966 28 8281
170195032111 48 6624
170195032020 4 5077
170195032112 4 5866
170195032388 4 1644
170195032256 357 4562
170195032214 34 5133
170195032313 307 6714
170195032376 76 3450
170195032467 4 4526
170195032586 34 2856
170195032522 57 8724
170195032687 226 2628
170195032492 4 9358
170195032432 270 8331
170195032710 4 8321
170195032763 4 9700
170195032469 4 6337
170195032720 4 2710
170195032750 77 5227
170195032720 28 1516
170195032753 57 1132
170195032849 4 2198
170195033135 4 7299
170195033097 322 9240
170195033042 336 3240
170195033165 357 6142
170195033313 46 9669
170195033570 38 8356
170195033200 4 4235
170195033404 4 7193
170195033469 4 7846
170195033723 4 3679
170195033666 4 4691
170195033998 3 1697
170195033999 214 7196
170195033691 48 2015
170195033980 76 9181
170195033618 214 4928
170195033676 136 1886
170195033724 4 6867
170195034043 4 3327
170195034168 4 1803
170195034091 4 4431
170195033807 4 6068
170195033899 4 1316
170195034050 4 2723
170195034290 4 5373
170195034178 4 2933
170195034120 4 1585
170195034538 4 7614
170195034149 4 5212
170195034534 4 3269
170195034601 4 3808
170195034636 4 3918
170195034412 4 9730
170195034442 4 6407
170195034420 4 8854
170195034894 4 1327
170195034614 352 8721
170195034727 4 1714
170195034529 4 5702
170195034624 4 8220
170195034833 3 6178
170195034683 323 7918
170195034851 4 5907
170195034838 4 8421
170195034801 4 7770
170195034737 336 1658
170195034991 4 6433
170195034850 4 5516
170195034853 4 7890
170195035268 4 9055
170195034892 4 2097
170195035112 38 6855
170195035000 49 7757
170195035372 148 5428
170195035291 355 8970
170195035479 384 8210
170195035271 4 5962
170195035699 3 8676
170195035345 4 3942
170195035374 4 9485
170195035464 270 5999
170195035442 4 2019
170195035501 3 6321
170195035516 38 2189
170195035727 34 1924
170195035651 4 4917
170195035507 59 6153
170195035957 39 9550
170195035644 38 3791
170195035778 9 4152
170195035999 59 2924
170195035906 324 9387
170195035703 38 7660
170195035858 77 4861
170195036039 38 8689
170195035953 9 4951
170195036209 54 3082
170195036019 38 9639
170195036512 4 3764
170195036285 38 7667
170195036372 347 1417
170195036219 4 9952
170195036594 3 3089
170195036612 9 4981
170195036457 48 2454
170195036349 323 6121
170195036462 362 5639
170195036587 4 2089
170195036437 18 9131
170195036759 34 3182
170195036571 48 5050
170195036699 362 4727
170195036931 38 8421
170195036737 121 7422
170195037031 4 6272
170195037045 121 2733
170195036990 287 9924
170195036929 4 9247
170195037249 4 4880
170195037126 294 6202
170195037358 59 7406
170195037303 309 1275
170195037448 34 7781
170195037330 48 9843
170195037236 355 9496
170195037250 4 3564
170195037606 4 5201
170195037416 214 1517
170195037653 169 8639
170195037489 81 2759
170195037903 357 2635
170195037934 57 9738
170195038072 4 9706
170195037879 57 2194
170195038005 307 1680
170195038197 237 6486
170195038176 4 2114
170195037883 38 3305
170195038214 38 5306
170195037828 107 6300
170195037974 28 2850
170195038083 66 3096
170195038301 38 3576
170195038483 237 7166
170195038475 38 5373
170195038408 38 9339
170195038353 307 1261
170195038533 77 1628
170195038589 307 8120
170195038782 83 9337
170195039083 38 6622
170195038854 149 4720
170195039136 38 5658
170195038901 307 8230
170195039120 9 9602
170195039080 38 8971
170195039050 38 8936
170195039384 307 6396
170195039100 38 7835
170195039346 38 6937
170195039277 126 3697
170195039416 38 2499
170195039635 347 6203
170195039524 38 6206
170195039339 38 4813
170195039581 38 1239
170195039740 38 4325
170195039590 307 2488
170195039779 38 3928
170195039804 48 7804
170195039951 6 4764
170195039713 4 8342
170195040028 355 3087
170195040077 355 1202
170195040109 3 3859
170195040377 3 3630
170195040168 38 4758
170195040106 4 1686
170195040307 46 4389
170195040436 361 5439
170195040298 362 5140
170195040526 327 1686
170195040372 4 8707
170195040414 57 1546
170195040278 3 5752
170195040231 4 4244
170195040515 4 8624
170195040707 3 7046
170195040616 18 4535
170195040605 34 8035
170195040710 309 2203
170195040644 369 5209
170195040999 389 4851
170195040694 4 6218
170195040834 4 3281
170195040719 323 9539
170195040954 4 3172
170195041235 4 2929
170195040934 4 6036
170195041253 76 7339
170195041469 4 3257
170195041427 4 4007
170195041324 4 7388
170195041599 126 3572
170195041760 4 3364
170195041463 4 2006
170195041698 4 7104
170195041787 4 8095
170195041401 4 5817
170195041546 4 8551
170195041525 4 5530
170195041790 4 2390
170195041515 339 9758
170195041792 4 6276
170195041827 4 4435
170195041735 4 6940
170195041860 4 3241
170195041718 237 2582
170195042171 237 8081
170195042173 4 7254
170195042054 4 5865
170195042095 4 7144
170195042203 4 8861
170195042055 214 2100
170195042508 287 4714
170195042386 107 6487
170195042638 107 4212
170195042627 49 2021
170195042629 57 4375
170195042385 4 4385
170195042864 4 5659
170195042655 4 9798
170195042729 9 5026
170195042603 4 9147
170195042698 58 9566
170195042902 4 4398
170195042679 34 4596
170195042755 160 1431
170195043098 38 4633
170195042953 4 3822
170195043388 361 9480
170195043215 214 7142
170195043103 4 3358
170195043569 4 7052
170195043219 46 3643
170195043226 4 7716
170195043693 39 1848
170195043312 38 4875
170195043786 57 7588
170195043438 4 7157
170195043657 48 9254
170195043675 4 3100
170195043691 349 5013
170195043700 39 3962
170195043753 270 3025
170195044004 4 7981
170195044180 48 8056
170195044338 289 1975
170195044316 9 3850
170195044116 15 5495
170195044173 39 3689
170195044006 29 1361
170195044289 39 7783
170195044137 39 7643
170195044257 355 8365
170195044538 4 1076
170195044270 4 1742
170195044343 342 5223
170195044492 4 6356
170195044417 3 6898
170195044373 3 1661
170195044610 3 5916
170195044572 3 6622
170195044696 3 9677
170195044750 3 3917
170195045024 3 7396
170195044989 3 3924
170195045201 3 2599
170195044922 38 3673
170195045213 323 3233
170195045571 4 8727
170195045235 4 4251
170195045585 337 3860
170195045385 214 2709
170195045557 3 1477
170195045617 355 7766
170195045768 76 9379
170195045624 355 7289
170195045886 4 4755
170195045676 29 4560
170195045998 4 4068
170195046051 3 8602
170195045860 3 1428
170195045711 350 6357
170195045834 3 4963
170195046143 3 2703
170195045876 3 7260
170195045995 4 7097
170195046230 3 2499
170195046392 46 8688
170195046455 136 5716
170195046776 3 8598
170195046514 3 9556
170195046646 3 8002
170195046870 3 1932
170195046891 3 6685
170195047077 3 9916
170195046734 9 4150
170195046904 29 1033
170195047040 289 7826
170195047132 324 1745
170195046924 9 7911
170195047220 4 3205
170195047096 18 1537
170195047397 357 5063
170195047246 4 1803
170195047434 9 6650
170195047435 46 1906
170195047474 57 1117
170195047340 126 1255
170195047385 4 8515
170195047625 4 5982
170195047698 3 8155
170195047526 4 4123
170195047508 270 3338
170195047673 4 2276
170195047683 4 3674
170195047627 4 1268
170195048187 4 1462
170195047924 4 6363
170195047981 4 7772
170195048137 4 3038
170195048062 4 2593
170195047897 4 7497
170195047962 4 2900
170195048015 4 8296
170195048061 11 5835
170195048145 4 2806
170195048312 4 1606
170195048407 4 5057
170195048332 4 8668
170195048565 355 1878
170195048685 4 6713
170195048376 4 2963
170195048371 4 3044
170195048627 4 8845
170195048495 38 5650
170195048403 4 4961
170195048415 6 6885
170195048973 4 7167
170195048517 4 3645
170195048802 4 8756
170195048729 4 4226
170195048646 3 1033
170195048937 57 6147
170195049034 55 6408
170195049145 38 5290
170195049108 59 8994
170195049353 17 8679
170195049120 167 2810
170195049358 3 7661
170195049385 38 9305
170195049290 349 8798
170195049302 74 8977
170195049182 198 5758
170195049208 4 1698
170195049581 4 8564
170195049577 4 4504
170195049642 3 9942
170195049572 57 7756
170195049309 291 5573
170195049413 4 3375
170195049681 270 2757
170195049755 4 1569
170195049726 46 2925
170195049865 4 7409
170195049612 39 7254
170195049986 3 9833
170195049672 17 1301
170195049918 11 6807
170195050335 335 8675
170195050438 46 3586
170195050199 9 3974
170195050442 408 4526
170195050364 349 8413
170195050342 4 3372
170195050387 46 9992
170195050331 77 6069
170195050356 345 7581
170195050632 3 1966
170195050384 76 2886
170195050416 34 6823
170195050488 34 1516
170195050708 4 9542
170195050755 351 4183
170195050664 11 5189
170195050787 349 9762
170195050521 287 3266
170195051095 4 7105
170195050688 3 9043
170195050743 29 8615
170195050910 3 2119
170195051139 3 5237
170195051388 3 1807
170195051203 3 5142
170195051439 3 8088
170195051348 6 2444
170195051118 3 6533
170195051330 3 6990
170195051552 141 9602
170195051386 9 4089
170195051591 334 8800
170195051469 4 2270
170195051704 4 6186
170195051568 4 3406
170195051527 57 9644
170195051620 3 1680
170195051944 237 7320
170195052083 15 5583
170195052057 3 8528
170195051743 3 9533
170195052076 169 9547
170195052145 361 7863
170195051868 99 2412
170195052003 99 3074
170195051903 365 1048
170195052185 357 6192
170195052197 355 5856
170195052307 279 7469
170195052401 15 7415
170195052405 214 7488
170195052303 329 3999
170195052410 38 7311
170195052491 323 3259
170195052438 279 8378
170195052631 4 2066
170195052426 4 8872
170195052716 4 2420
170195052941 323 6694
170195052761 4 9119
170195052610 4 6435
170195052728 4 7785
170195052696 4 1472
170195052746 18 9773
170195052887 4 7224
170195053171 4 7379
170195053162 4 8591
170195052907 4 2071
170195053005 4 5388
170195052956 4 5730
170195053202 4 4454
170195053042 4 9721
170195052807 4 9533
170195052901 342 4048
170195053005 4 5756
170195053237 4 4881
170195053549 4 8287
170195053411 4 8764
170195053637 4 3029
170195053712 4 9211
170195053323 4 8124
170195053458 4 4755
170195053586 4 2432
170195053676 4 2302
170195053471 4 2102
170195053668 4 8382
170195053581 4 6649
170195053519 4 8603
170195053642 4 7428
170195053999 4 9561
170195053768 4 2292
170195054141 387 5038
170195053975 4 6459
170195054166 4 7246
170195054152 4 7018
170195054389 4 2751
170195054435 9 5515
170195054483 270 9758
170195054699 4 9325
170195054478 9 8832
170195054429 336 1952
170195054482 324 3149
170195054614 9 6009
170195054861 18 6864
170195054739 4 5700
170195054816 237 2257
170195054831 49 4272
170195055135 9 8421
170195054960 3 7955
170195054710 57 9611
170195055099 4 2267
170195055328 83 8310
170195055393 4 7631
170195055018 38 6810
170195055197 38 8883
170195055616 38 8619
170195055401 38 7906
